     0/149     8.07G    0.1059    0.1881    0.0283    0.3223       251      1024    0.7748     0.114   0.02169  0.003943    0.0826    0.1962   0.01217
     1/149     13.9G   0.07495    0.1947  0.009961    0.2796       265      1024    0.3322    0.2663   0.09237   0.02403   0.06586    0.1794  0.009898
     2/149     13.9G   0.07012    0.1969  0.008758    0.2758       437      1024    0.8688    0.1296    0.1342   0.03978   0.06213    0.1893   0.00944
     3/149     13.9G   0.06651    0.1986  0.008316    0.2734       288      1024    0.8652    0.1049    0.1163   0.03347   0.06956    0.1699  0.009236
     4/149     13.9G    0.0639    0.1991  0.008457    0.2714       427      1024    0.4847    0.3552    0.2905   0.08954   0.05949    0.1982  0.009192
     5/149     13.9G   0.06096    0.1979   0.00809     0.267       284      1024    0.7336    0.2943    0.2579   0.07424   0.05904    0.1833  0.008939
     6/149     13.9G   0.06733    0.2032  0.008384    0.2789       417      1024    0.7031    0.3724    0.2615   0.08691   0.05736    0.1786  0.008826
     7/149     13.9G   0.06312    0.1965  0.008094    0.2677       298      1024    0.7098    0.3536     0.278     0.103   0.06014    0.1842  0.008638
     8/149     13.9G   0.06112    0.1989  0.007808    0.2678       444      1024    0.8553    0.2789    0.3136     0.104   0.05704    0.1813  0.008352
     9/149     13.9G   0.05919    0.1947  0.007438    0.2613       373      1024    0.7312    0.2699    0.2127   0.06746   0.07152    0.1789  0.008296
    10/149     13.9G   0.05724    0.2002  0.007176    0.2647       412      1024    0.6686    0.1601    0.1074   0.02618   0.07695    0.1947  0.007601
    11/149     13.9G   0.05685    0.1966  0.006805    0.2602       327      1024    0.7575     0.303    0.2713   0.09892   0.05562    0.1885  0.008221
    12/149     13.9G   0.05566    0.1917  0.006268    0.2537       466      1024    0.7642    0.2998    0.2686   0.09834   0.05416    0.1833  0.006849
    13/149     13.9G   0.05551    0.1877  0.006102    0.2493       319      1024    0.7573    0.1601    0.1655   0.04622   0.07515    0.3398   0.01334
    14/149     13.9G   0.05576    0.1983  0.005935      0.26       457      1024    0.8323    0.2293    0.2294   0.06515   0.07095    0.2291   0.00741
    15/149     13.9G   0.05272    0.1947  0.005464    0.2529       438      1024    0.8081     0.264    0.2693   0.09095   0.05934    0.1888  0.006967
    16/149     13.9G   0.05234    0.1873   0.00512    0.2448       274      1024    0.5996    0.2607    0.2426   0.07756   0.05864    0.1825  0.007196
    17/149     13.9G   0.05065    0.1854   0.00473    0.2408       339      1024    0.7328    0.2971    0.3202    0.1203   0.05476      0.18  0.006581
    18/149     13.9G   0.05029    0.1857  0.004342    0.2403       363      1024    0.6569    0.3133    0.3519    0.1083   0.05699    0.1806  0.006489
    19/149     13.9G   0.04908     0.179  0.003972     0.232       345      1024    0.7041    0.3203    0.2976   0.09885   0.06189    0.1866  0.006654
    20/149     13.9G   0.04924    0.1804    0.0037    0.2333       281      1024    0.6845    0.3578    0.3306    0.1228   0.05671    0.1884  0.006702
    21/149     13.9G   0.04837     0.185  0.003313    0.2367       427      1024     0.649    0.3163    0.3044    0.1084   0.05594    0.1825   0.00701
    22/149     13.9G   0.04797    0.1774  0.003054    0.2284       247      1024    0.6174    0.3119    0.2638   0.08606   0.06165    0.1902   0.00675
    23/149     13.9G    0.0472    0.1805  0.002682    0.2304       314      1024    0.7499    0.2854    0.3049    0.1065   0.05716    0.1853  0.007256
    24/149     13.9G   0.04515    0.1744  0.002529     0.222       368      1024    0.6389    0.3077    0.2928     0.099   0.05738    0.1922  0.007028
    25/149     13.9G   0.04597    0.1689  0.002509    0.2174       329      1024    0.6796    0.3143    0.3019    0.1248   0.05392    0.1845  0.007736
    26/149     13.9G   0.04465    0.1672   0.00234    0.2142       387      1024    0.6447    0.3346    0.3403    0.1154   0.05658    0.1911  0.006628
    27/149     13.9G   0.04387    0.1709  0.002149     0.217       530      1024    0.6162    0.3261    0.2967    0.1049   0.05904    0.1934  0.007314
    28/149     13.9G    0.0438    0.1661  0.002054     0.212       349      1024    0.3354      0.35    0.2915    0.1075    0.0583    0.1916   0.00716
    29/149     13.9G   0.04324    0.1671  0.002007    0.2123       280      1024    0.3673     0.318    0.2943   0.09771   0.05838    0.1924  0.006884
    30/149     13.9G   0.04329     0.166  0.001883    0.2112       295      1024    0.4172     0.335    0.3178    0.1128   0.05792    0.1948  0.007456
    31/149     13.9G   0.04174    0.1604  0.001853     0.204       378      1024    0.6613    0.2864    0.2929   0.09804    0.0605    0.1981  0.006963
    32/149     13.9G    0.0414    0.1584  0.001767    0.2016       412      1024    0.3904    0.3509    0.2954    0.1039   0.06166    0.1999  0.007675
    33/149     13.9G   0.04117    0.1599  0.001685    0.2028       367      1024    0.4329    0.3056    0.2952   0.09615   0.05859    0.1979  0.007416
    34/149     13.9G   0.04068     0.154  0.001649    0.1963       391      1024    0.4194    0.3117    0.2978    0.1188   0.05698    0.2009  0.007393
    35/149     13.9G   0.03938    0.1552  0.001534    0.1962       352      1024    0.2812    0.3638    0.2657   0.09297   0.06388    0.1995  0.007287
    36/149     13.9G   0.03912    0.1489   0.00158    0.1896       231      1024    0.3951    0.3878    0.3151    0.1173   0.05795     0.204  0.007407
    37/149     13.9G   0.03868     0.153  0.001447    0.1931       320      1024    0.4212    0.3392    0.3268    0.1283   0.05704    0.2074  0.007119
    38/149     13.9G   0.03895    0.1503  0.001422    0.1906       378      1024    0.3914    0.3538    0.3056    0.1149   0.05821    0.2095  0.007304
    39/149     13.9G   0.03818    0.1511  0.001383    0.1907       296      1024    0.3597    0.3341    0.2979    0.1116   0.05896    0.2068  0.007584
    40/149     13.9G   0.03788    0.1463  0.001375    0.1855       347      1024      0.44    0.3158    0.3125    0.1228   0.05633    0.2091  0.007321
    41/149     13.9G   0.03767    0.1471  0.001403    0.1862       412      1024    0.3705    0.3538    0.3386    0.1383   0.05505    0.2115  0.007063
    42/149     13.9G   0.03639    0.1454  0.001282    0.1831       451      1024    0.3179    0.3065    0.2531   0.08187   0.06348      0.21    0.0075
    43/149     13.9G    0.0368    0.1458  0.001306    0.1839       358      1024     0.658    0.3371    0.3109    0.1123   0.05753    0.2078  0.007268
    44/149     13.9G   0.03638    0.1436  0.001303    0.1813       416      1024    0.4687    0.2868    0.2931    0.1039   0.05775    0.2095  0.007403
    45/149     13.9G    0.0358    0.1431   0.00124    0.1802       351      1024    0.3829    0.3347    0.2831   0.09354    0.0621    0.2375  0.008178
    46/149     13.9G   0.03549    0.1405  0.001192    0.1772       284      1024    0.3827     0.349      0.31    0.1127   0.05829    0.2115  0.007172
    47/149     13.9G   0.03516    0.1389   0.00122    0.1752       360      1024    0.4846    0.3937    0.3342    0.1406   0.05622     0.219  0.007508
    48/149     13.9G   0.03447    0.1383  0.001166    0.1739       366      1024    0.3992    0.3251    0.2887   0.09932   0.05938    0.2119  0.007851
    49/149     13.9G   0.03418    0.1348  0.001104      0.17       292      1024    0.4336    0.2816    0.2778   0.09629   0.05953    0.2434  0.008418
    50/149     13.9G   0.03376    0.1369  0.001146    0.1718       332      1024    0.3757    0.3679    0.3016    0.1126    0.0569    0.2219   0.00787
    51/149     13.9G   0.03346    0.1348  0.001119    0.1694       432      1024    0.3997    0.3832    0.3325    0.1285   0.05662    0.2213  0.007499
    52/149     13.9G   0.03356    0.1344  0.001055     0.169       252      1024    0.3366    0.3545    0.2928    0.1026   0.06041    0.2259  0.007745
    53/149     13.9G   0.03293    0.1321  0.001063    0.1661       390      1024    0.3446    0.2869    0.2563   0.08273    0.0647    0.2292  0.008085
    54/149     13.9G   0.03329    0.1331   0.00108    0.1675       337      1024    0.4069    0.3719     0.324    0.1192   0.05685    0.2183  0.007479
    55/149     13.9G   0.03317    0.1329  0.001091    0.1671       432      1024    0.3716    0.3267    0.2955    0.1064   0.05996    0.2233  0.007729
    56/149     13.9G   0.03236    0.1303  0.001014    0.1637       225      1024    0.4453    0.3159    0.3165    0.1222   0.05812     0.221  0.007279
    57/149     13.9G   0.03181    0.1271  0.000955    0.1598       139      1024    0.3136    0.3401    0.2878    0.1027   0.06025    0.2239  0.008563
    58/149     13.9G   0.03211    0.1297 0.0009711    0.1628       373      1024     0.336    0.3912    0.3197    0.1161    0.0565    0.2251   0.00759
    59/149     13.9G    0.0316    0.1266 0.0009875    0.1592       288      1024    0.3509    0.3594     0.299    0.1076    0.0581    0.2285  0.007619
    60/149     13.9G   0.03122    0.1291 0.0009318    0.1612       363      1024    0.3655    0.3225    0.2809    0.1008   0.06104    0.2422    0.0077
    61/149     13.9G   0.03102    0.1246 0.0009238    0.1566       257      1024     0.391    0.3435    0.3111    0.1206   0.05864    0.2365  0.007915
    62/149     13.9G   0.03008    0.1252 0.0009036    0.1562       308      1024    0.3711    0.3735    0.3124    0.1203   0.05695    0.2345  0.007858
    63/149     13.9G   0.03072    0.1268 0.0009407    0.1584       346      1024     0.432    0.2808     0.276   0.09472   0.06275    0.2323  0.008276
    64/149     13.9G   0.03042    0.1221 0.0008718    0.1534       378      1024    0.4189    0.3663    0.3205    0.1255   0.05713     0.235  0.007912
    65/149     13.9G   0.03007    0.1239 0.0008983    0.1549       402      1024    0.3674    0.3005    0.2758   0.09391   0.06306     0.236  0.008491
    66/149     13.9G   0.03001    0.1226 0.0008363    0.1534       255      1024    0.4176    0.3134    0.2939     0.113   0.05823    0.2399  0.008231
    67/149     13.9G   0.02899    0.1185 0.0008573    0.1484       230      1024    0.3564    0.3505    0.3041    0.1165   0.05781     0.244  0.008269
    68/149     13.9G   0.02976    0.1202 0.0008467    0.1508       249      1024    0.4004    0.2876     0.285    0.1112   0.05883    0.2437   0.00833
    69/149     13.9G   0.02864    0.1203 0.0007817    0.1497       399      1024    0.3749    0.3505    0.3052    0.1061   0.05909    0.2422  0.007954
    70/149     13.9G   0.02896    0.1179 0.0008071    0.1477       387      1024    0.3765    0.3672    0.3038    0.1133   0.05817    0.2362  0.008507
    71/149     13.9G   0.02838    0.1182 0.0007749    0.1474       425      1024    0.4291    0.3533    0.3341    0.1262   0.05803    0.2425  0.008214
    72/149     13.9G   0.02776    0.1135  0.000809    0.1421       328      1024    0.3009    0.3626    0.2926    0.1015   0.06142    0.2402  0.008226
    73/149     13.9G   0.02872    0.1196 0.0007958    0.1491       421      1024    0.3264    0.3681    0.3176    0.1274   0.05793    0.2428  0.008166
    74/149     13.9G   0.02775    0.1151  0.000717    0.1436       251      1024    0.3439    0.2943    0.2718   0.09357   0.06121    0.2402  0.008425
    75/149     13.9G   0.02852    0.1166 0.0007917    0.1459       530      1024    0.3969    0.3265    0.3072    0.1172    0.0584    0.2464  0.008114
    76/149     13.9G   0.02711    0.1153 0.0007508    0.1432       463      1024    0.3994    0.3321    0.3112    0.1093   0.06062    0.2449  0.007908
    77/149     13.9G   0.02712    0.1141 0.0007077     0.142       450      1024    0.4327    0.3203    0.3237    0.1271   0.05708    0.2543  0.007861
    78/149     13.9G   0.02733     0.114 0.0007206    0.1421       248      1024    0.3036    0.3877    0.2937    0.1106   0.06141    0.2476  0.008228
    79/149     13.9G   0.02732    0.1132 0.0007795    0.1413       364      1024    0.3773    0.3579    0.3103    0.1068    0.0601    0.2535  0.007769
    80/149     13.9G   0.02644    0.1132 0.0007113    0.1403       388      1024    0.3298    0.4042    0.3044    0.1133   0.05979    0.2562  0.008059
    81/149     13.9G   0.02688    0.1101 0.0006854    0.1376       260      1024    0.4295    0.3158     0.304     0.111   0.05945    0.2522  0.008091
    82/149     13.9G   0.02682    0.1149 0.0006927    0.1424       548      1024    0.4038    0.3337    0.3113    0.1111   0.05923    0.2513  0.008022
    83/149     13.9G   0.02589    0.1093 0.0007028    0.1359       348      1024    0.3943    0.3405    0.3045    0.1296   0.05751    0.2645  0.008364
    84/149     13.9G   0.02619    0.1109  0.000716    0.1378       411      1024    0.3781    0.3505    0.3289     0.132   0.05625    0.2604  0.007813
    85/149     13.9G   0.02601    0.1088 0.0006588    0.1355       358      1024    0.3771    0.3456    0.3108    0.1216    0.0591    0.2672  0.008034
    86/149     13.9G   0.02517    0.1083 0.0006471    0.1341       421      1024    0.3996    0.3553    0.3231    0.1192   0.05899    0.2622  0.007776
    87/149     13.9G   0.02577    0.1091  0.000614    0.1355       294      1024    0.4438    0.3154    0.3065    0.1189     0.057    0.2782  0.008281
    88/149     13.9G   0.02563    0.1093 0.0006408    0.1355       308      1024     0.362     0.368    0.3074    0.1148   0.06079    0.2572  0.007826
    89/149     13.9G   0.02491    0.1049 0.0006439    0.1305       375      1024    0.4618    0.3368    0.3296    0.1302   0.05796    0.2697  0.008131
    90/149     13.9G   0.02479    0.1067  0.000606    0.1321       291      1024    0.3854    0.3523    0.3112    0.1264   0.05821     0.268  0.008444
    91/149     13.9G    0.0247    0.1066 0.0005872    0.1319       255      1024    0.4072    0.3476    0.3268    0.1291   0.05781    0.2716  0.008045
    92/149     13.9G    0.0245    0.1063 0.0006007    0.1314       430      1024    0.4292    0.3109    0.2944     0.114   0.05866    0.2663  0.008472
    93/149     13.9G   0.02429    0.1057 0.0005758    0.1306       432      1024     0.417    0.3397    0.3252    0.1282   0.05832     0.267  0.008029
    94/149     13.9G   0.02438    0.1043 0.0005432    0.1292       307      1024    0.4261    0.3484     0.313    0.1124   0.05945    0.2626  0.008278
    95/149     13.9G   0.02419    0.1021  0.000572    0.1268       352      1024    0.3597     0.405    0.3156    0.1278   0.05694    0.2684  0.008492
    96/149     13.9G   0.02395    0.1029 0.0005551    0.1274       331      1024    0.4294    0.3711    0.3229    0.1238   0.05992    0.2673   0.00819
    97/149     13.9G   0.02367    0.1054 0.0005799    0.1296       610      1024    0.3696    0.3411    0.3064    0.1109   0.06017    0.2751  0.008854
    98/149     13.9G   0.02365     0.102 0.0005585    0.1262       238      1024    0.4375    0.3262    0.3045     0.116   0.05847    0.2767  0.008378
    99/149     13.9G   0.02394    0.1025 0.0005565     0.127       351      1024    0.3157    0.3747    0.2969    0.1093   0.05869    0.2667  0.008687
   100/149     13.9G   0.02324    0.1016 0.0005249    0.1253       366      1024    0.3878    0.3415    0.3108    0.1172   0.05952    0.2801  0.008631
   101/149     13.9G   0.02353    0.1012 0.0005105    0.1252       309      1024    0.4279    0.3412      0.32    0.1219   0.05773    0.2792  0.008475
   102/149     13.9G   0.02334   0.09993 0.0005462    0.1238       303      1024    0.4864    0.3096    0.3074    0.1126   0.06013    0.2803  0.008513
   103/149     13.9G   0.02299   0.09812  0.000521    0.1216       383      1024    0.3816    0.3285    0.3055    0.1107   0.06056      0.28   0.00831
   104/149     13.9G   0.02266   0.09884 0.0004893     0.122       367      1024     0.379    0.3137    0.2949    0.1147    0.0603      0.28  0.008745
   105/149     13.9G   0.02277   0.09997 0.0004785    0.1232       391      1024    0.3855    0.3239    0.3019    0.1182   0.05883    0.2786  0.008706
   106/149     13.9G   0.02243   0.09776 0.0005106    0.1207       318      1024    0.4785    0.3112    0.3094    0.1246   0.05864     0.274  0.008677
   107/149     13.9G   0.02259   0.09928 0.0004975    0.1224       391      1024     0.466    0.3291    0.3228     0.122   0.05925    0.2865  0.008475
   108/149     13.9G   0.02229   0.09674 0.0005009    0.1195       450      1024    0.4292    0.3449    0.3164     0.114    0.0607    0.2903  0.008412
   109/149     13.9G   0.02219   0.09752 0.0004769    0.1202       312      1024    0.4133    0.3575     0.323    0.1154   0.06004    0.2866  0.008615
   110/149     13.9G   0.02193   0.09739  0.000495    0.1198       472      1024    0.3842    0.3285    0.2927    0.1125   0.06043    0.2781  0.008827
   111/149     13.9G   0.02203   0.09633 0.0004911    0.1189       268      1024    0.4016    0.3403    0.3077    0.1128   0.05996    0.2842  0.008621
   112/149     13.9G   0.02186   0.09349 0.0004921    0.1158       193      1024    0.4028    0.3342    0.3021    0.1098   0.06053    0.2865   0.00859
   113/149     13.9G   0.02164   0.09524 0.0004724    0.1174       322      1024    0.4333    0.3399    0.3164    0.1212   0.06044    0.2988  0.008549
   114/149     13.9G   0.02154   0.09363 0.0004679    0.1156       319      1024    0.4116    0.3449    0.3273     0.119   0.05914    0.2997  0.008559
   115/149     13.9G   0.02183   0.09484 0.0004821    0.1172       377      1024    0.4002     0.341    0.3065    0.1174   0.05988    0.2839   0.00872
   116/149     13.9G   0.02109   0.09456 0.0004416    0.1161       515      1024     0.454    0.3148    0.2979    0.1103   0.06057    0.2874  0.008739
   117/149     13.9G   0.02119   0.09353 0.0004798    0.1152       463      1024    0.4478    0.2981    0.2954    0.1135   0.06122    0.2884  0.009024
   118/149     13.9G   0.02075   0.09392 0.0004307    0.1151       388      1024     0.371    0.3334    0.3069    0.1141   0.05963    0.2939  0.008793
   119/149     13.9G     0.021   0.09218  0.000416    0.1136       485      1024    0.3823    0.3536    0.3146     0.126    0.0594     0.303  0.008967
   120/149     13.9G   0.02124   0.09305 0.0004392    0.1147       375      1024    0.4428    0.3274    0.3238    0.1228   0.05967    0.2956   0.00878
   121/149     13.9G   0.02087   0.09376 0.0004179     0.115       327      1024    0.4538    0.3325    0.3185    0.1249      0.06    0.2981   0.00879
   122/149     13.9G   0.02075   0.09218  0.000419    0.1134       436      1024     0.331    0.3846    0.3087     0.118   0.06069     0.295  0.008926
   123/149     13.9G   0.02049   0.08982  0.000419    0.1107       376      1024    0.4449    0.3391     0.328    0.1301   0.05895    0.2961  0.008667
   124/149     13.9G   0.02061   0.09178 0.0003916    0.1128       415      1024    0.4521     0.333    0.3237    0.1236   0.05984    0.3052  0.008774
   125/149     13.9G    0.0206   0.09037 0.0004042    0.1114       427      1024    0.4788    0.3208    0.3022    0.1172    0.0608    0.2999  0.008632
   126/149     13.9G   0.02055   0.09219 0.0004434    0.1132       365      1024    0.3935    0.3469    0.3106    0.1162   0.06122    0.2979  0.008386
   127/149     13.9G   0.02042   0.09316 0.0004223     0.114       388      1024    0.4515    0.3574    0.3266    0.1173    0.0611     0.303    0.0087
   128/149     13.9G   0.02015   0.09002 0.0003948    0.1106       390      1024    0.3948    0.3489    0.3107    0.1115   0.06206    0.2993  0.009108
   129/149     13.9G   0.02013   0.08997 0.0003954    0.1105       307      1024    0.3745    0.3731    0.3143    0.1195   0.05943     0.306  0.009286
   130/149     13.9G   0.01984   0.08795 0.0003782    0.1082       389      1024    0.4561     0.319     0.322    0.1237    0.0588    0.3088  0.009087
   131/149     13.9G    0.0202   0.08861 0.0004006    0.1092       306      1024    0.4907    0.3196    0.3186      0.12   0.06078     0.316  0.009148
   132/149     13.9G   0.01999    0.0897 0.0003704    0.1101       412      1024    0.3985    0.3333    0.3069    0.1169   0.05994    0.3029  0.009327
   133/149     13.9G   0.01973   0.08808 0.0003858    0.1082       267      1024    0.4691    0.3122    0.3149    0.1173   0.06003    0.3068   0.00925
   134/149     13.9G    0.0198   0.08985 0.0003628      0.11       328      1024    0.4443    0.3331    0.3218    0.1213   0.06151    0.3015  0.008987
   135/149     13.9G   0.01981   0.08804 0.0003634    0.1082       379      1024    0.4633    0.3164    0.3068    0.1133   0.06084    0.3118  0.009223
   136/149     13.9G   0.01974   0.08995 0.0003622    0.1101       329      1024    0.3828    0.3494    0.3194    0.1224    0.0603    0.3038  0.009088
   137/149     13.9G   0.01969    0.0882 0.0003636    0.1083       438      1024    0.4879     0.364    0.3271    0.1255   0.06045    0.3082  0.008755
   138/149     13.9G   0.01954   0.08866 0.0003715    0.1086       371      1024    0.4337    0.3375    0.3184    0.1267   0.05985    0.3144  0.008943
   139/149     13.9G   0.01949   0.08831 0.0003644    0.1082       452      1024     0.401     0.369    0.3168    0.1232   0.06024    0.3108  0.009157
   140/149     13.9G   0.01969   0.08705 0.0003716    0.1071       320      1024    0.4221    0.3434    0.3164    0.1197   0.06022    0.3018  0.008913
   141/149     13.9G   0.01931   0.08415 0.0003737    0.1038       156      1024    0.3957    0.3705    0.3083    0.1191   0.05968    0.3102  0.009135
   142/149     13.9G   0.01932   0.08622 0.0003759    0.1059       186      1024    0.4533    0.3353    0.3195    0.1233   0.06054    0.3068  0.008811
   143/149     13.9G   0.01938   0.08554 0.0003658    0.1053       347      1024    0.4177    0.3707    0.3254    0.1251   0.06057    0.3114  0.009024
   144/149     13.9G   0.01925   0.08835 0.0003451    0.1079       404      1024    0.4883     0.321    0.3125      0.12   0.05993    0.3101  0.009249
   145/149     13.9G   0.01927   0.08768 0.0003577    0.1073       390      1024    0.4286    0.3641     0.321    0.1229   0.06055    0.3141  0.009099
   146/149     13.9G   0.01904   0.08457 0.0003454     0.104       375      1024    0.4127    0.3579    0.3142    0.1213   0.06072    0.3146  0.009081
   147/149     13.9G   0.01924   0.08765  0.000343    0.1072       514      1024    0.4219     0.357    0.3252    0.1248   0.05971     0.318  0.009076
   148/149     13.9G   0.01909   0.08466 0.0003501    0.1041       330      1024    0.4954    0.3192    0.3166    0.1198   0.06045     0.314  0.009176
   149/149     13.9G   0.01899   0.08594 0.0003239    0.1053       351      1024    0.4836    0.3195    0.3084    0.1214   0.06056    0.3135  0.009179
