      0/59     11.6G   0.07888   0.06035   0.01948    0.1587        67      1024    0.3454    0.3829    0.2876    0.1129   0.04444   0.03686  0.007841
      1/59     11.3G   0.05591   0.05143  0.007088    0.1144        61      1024    0.3646    0.5239    0.3753    0.1418   0.04193   0.03465  0.004706
      2/59     11.3G   0.04964    0.0507   0.00551    0.1058        68      1024    0.3739    0.5558    0.4194    0.1812   0.03904   0.03366  0.007419
      3/59     11.3G   0.04554   0.05142  0.004884    0.1018        60      1024    0.3506    0.4496    0.3341    0.1355   0.04598   0.03663   0.00917
      4/59     11.3G   0.04504   0.05108   0.00481    0.1009        76      1024    0.5402    0.4332    0.4278     0.172   0.04267   0.03623  0.003104
      5/59     11.3G   0.04246   0.05054  0.004029   0.09703        52      1024    0.3411    0.5642    0.4053    0.1828   0.03659   0.03674  0.002768
      6/59     11.3G   0.04065   0.05082  0.003623    0.0951        51      1024    0.4396    0.5533    0.4895    0.2683   0.03164   0.03351  0.001298
      7/59     11.3G   0.03938    0.0509  0.003114   0.09339        76      1024    0.4147    0.6421    0.5202    0.2721   0.03526   0.03321  0.001456
      8/59     11.3G   0.03831   0.04976  0.002779   0.09085        88      1024    0.4417    0.6212    0.5184    0.2914   0.03069   0.03274  0.001928
      9/59     11.3G   0.03762   0.04866  0.002573   0.08886        70      1024    0.4367    0.6097     0.522    0.2974   0.03087    0.0316   0.00108
     10/59     11.3G   0.03679   0.04855  0.002322   0.08766        64      1024    0.4655    0.6529    0.5433    0.3058   0.03038   0.03111 0.0005629
     11/59     11.3G   0.03664   0.04697   0.00231   0.08592        78      1024    0.4227    0.6931    0.4992    0.2759   0.03327   0.03135  0.001096
     12/59     11.3G   0.03606   0.04705  0.002048   0.08515        71      1024     0.452    0.6689    0.5155    0.2919    0.0318   0.03134  0.001088
     13/59     11.3G   0.03569   0.04674  0.001939   0.08437        55      1024    0.4898    0.6482    0.5644    0.3281   0.03095    0.0317  0.001036
     14/59     11.3G   0.03466   0.04532   0.00179   0.08176        56      1024     0.449    0.6543    0.4954     0.281   0.03238   0.03285  0.000823
     15/59     11.3G   0.03371   0.04425  0.001767   0.07972        59      1024    0.4661    0.7553    0.5677    0.3418   0.02961   0.03104 0.0003245
     16/59     11.3G   0.03352    0.0429   0.00171   0.07814        74      1024    0.4766    0.8352    0.6169    0.3862   0.02805   0.02909 0.0004255
     17/59     11.3G   0.03296   0.04275  0.001539   0.07725        79      1024    0.4962    0.7291    0.5542    0.3364   0.02812    0.0304 0.0003405
     18/59     11.3G   0.03215   0.04129  0.001545   0.07499        66      1024    0.5749    0.6896    0.6504    0.4073   0.02847   0.03012 0.0002802
     19/59     11.3G   0.03148   0.03991  0.001406   0.07279        87      1024    0.5566    0.7719    0.6536     0.415   0.02679   0.02818 0.0003625
     20/59     11.3G   0.03076   0.03866   0.00143   0.07085        74      1024    0.5921    0.8129    0.7218    0.4861   0.02559   0.02642  0.000324
     21/59     11.3G   0.03006   0.03716   0.00139   0.06862        51      1024    0.6813    0.6941    0.7281    0.4777   0.02479   0.02523 0.0003374
     22/59     11.3G   0.02959   0.03665  0.001342   0.06758        57      1024    0.6842    0.7805    0.7513    0.5066   0.02434   0.02537 0.0003061
     23/59     11.3G   0.02822   0.03579  0.001211   0.06523        71      1024    0.6222    0.7877    0.7348    0.5027   0.02361   0.02366 0.0003011
     24/59     11.3G   0.02744   0.03382  0.001229   0.06249        45      1024     0.658    0.8582    0.7778    0.5357   0.02261    0.0231 0.0002857
     25/59     11.3G   0.02714   0.03322  0.001263   0.06162        78      1024    0.6696    0.8535    0.8121    0.5789   0.02124   0.02148 0.0002841
     26/59     11.3G   0.02599   0.03275  0.001158   0.05989        68      1024    0.7546    0.8696      0.86    0.6089   0.02179   0.02063 0.0002938
     27/59     11.3G   0.02545   0.03119  0.001129   0.05777        63      1024    0.7293    0.8636    0.8573    0.5947   0.02279   0.01981  0.000282
     28/59     11.3G   0.02505    0.0307  0.001107   0.05685        73      1024    0.7552    0.8955    0.8924    0.6761   0.01847   0.01865   0.00029
     29/59     11.3G   0.02398   0.02952  0.001013   0.05451        57      1024    0.8084     0.873     0.883    0.6716    0.0184     0.019 0.0003535
     30/59     11.3G   0.02396   0.02868  0.001051   0.05369        84      1024    0.8447    0.8334     0.893    0.6884   0.01798   0.01806 0.0002674
     31/59     11.3G   0.02346   0.02832  0.001105   0.05288        78      1024    0.8341    0.8994    0.9299    0.7297   0.01731   0.01653 0.0002606
     32/59     11.3G   0.02262   0.02707  0.001063   0.05076        63      1024    0.8716    0.8965    0.9331    0.7232    0.0178   0.01561  0.000249
     33/59     11.3G   0.02212   0.02648 0.0009478   0.04954        62      1024    0.9219     0.867    0.9422    0.7603    0.0159    0.0142 0.0002568
     34/59     11.3G   0.02173   0.02574 0.0009217   0.04839        61      1024    0.8561    0.8783    0.9285    0.7566   0.01604   0.01561 0.0002734
     35/59     11.3G   0.02116   0.02467 0.0009021   0.04674        70      1024      0.85    0.9505    0.9435    0.7485    0.0168   0.01416 0.0002541
     36/59     11.3G   0.02067   0.02418 0.0009093   0.04576        87      1024    0.9159    0.9033    0.9644    0.7927   0.01467   0.01319 0.0002087
     37/59     11.3G   0.02042   0.02422 0.0008996   0.04554        71      1024    0.9224     0.921    0.9667    0.8043   0.01428   0.01188 0.0002738
     38/59     11.3G   0.01983   0.02323 0.0008337   0.04389        70      1024    0.9616    0.9196    0.9754    0.8044   0.01421   0.01156 0.0002634
     39/59     11.3G   0.01913   0.02221 0.0008208   0.04216        50      1024    0.9442    0.9318     0.973    0.7908   0.01511   0.01243 0.0002078
     40/59     11.3G   0.01902   0.02248 0.0008501   0.04235        67      1024    0.8971    0.9811    0.9718    0.8064    0.0142   0.01226 0.0002174
     41/59     11.3G    0.0186   0.02165  0.000792   0.04104        74      1024    0.9419    0.9669    0.9802    0.8377   0.01314     0.011 0.0001813
     42/59     11.3G   0.01849   0.02134 0.0007815   0.04061        74      1024    0.9356    0.9635    0.9787    0.8402   0.01246   0.01073 0.0001945
     43/59     11.3G   0.01795   0.02088 0.0007331   0.03956        63      1024     0.934    0.9756    0.9821    0.8488   0.01204    0.0103 0.0001649
     44/59     11.3G   0.01779   0.02059 0.0007672   0.03915        54      1024    0.9771    0.9522    0.9862    0.8589   0.01247   0.00995 0.0001743
     45/59     11.3G   0.01743   0.02016 0.0007483   0.03834        80      1024    0.9672     0.952    0.9867    0.8564   0.01221   0.01009 0.0001611
     46/59     11.3G   0.01737   0.01977 0.0007641    0.0379        58      1024    0.9888    0.9478    0.9883    0.8537   0.01197  0.009416 0.0002046
     47/59     11.3G   0.01693   0.01958 0.0006752   0.03718        72      1024    0.9811    0.9636    0.9877    0.8741   0.01109  0.009539 0.0001099
     48/59     11.3G   0.01624   0.01881 0.0006924   0.03574        71      1024    0.9799    0.9661    0.9883    0.8661   0.01134  0.008892 0.0001075
     49/59     11.3G   0.01618   0.01869 0.0006346    0.0355        64      1024    0.9773    0.9732    0.9886    0.8744    0.0108  0.008788 0.0001117
     50/59     11.3G   0.01622   0.01831 0.0006936   0.03522        45      1024    0.9817    0.9838    0.9906    0.8805   0.01066    0.0083 0.0001109
     51/59     11.3G   0.01589   0.01839 0.0007082   0.03499        57      1024    0.9766    0.9608    0.9863     0.874   0.01047   0.00836  9.36e-05
     52/59     11.3G    0.0157   0.01809  0.000683   0.03447        64      1024    0.9653    0.9831    0.9883    0.8912   0.01007  0.008277 9.476e-05
     53/59     11.3G   0.01547   0.01821 0.0006566   0.03434        86      1024    0.9805    0.9866    0.9895    0.8965  0.009617  0.007568 0.0001012
     54/59     11.3G   0.01522    0.0176 0.0006403   0.03346        76      1024    0.9742    0.9892    0.9892    0.8959  0.009749  0.008074 0.0001012
     55/59     11.3G   0.01528    0.0175 0.0006561   0.03344        80      1024    0.9837    0.9919    0.9912    0.8947    0.0102  0.007725 9.454e-05
     56/59     11.3G   0.01492   0.01719 0.0006731   0.03278        69      1024    0.9963    0.9892    0.9911     0.877   0.01108  0.008253 8.158e-05
     57/59     11.3G   0.01505   0.01692 0.0006865   0.03265        57      1024    0.9836    0.9892    0.9899    0.8987  0.009784   0.00743 8.902e-05
     58/59     11.3G   0.01467   0.01674 0.0005977   0.03201        55      1024     0.988    0.9919     0.991    0.9042  0.009498  0.006994 9.142e-05
     59/59     11.3G    0.0145   0.01665 0.0006055   0.03176        61      1024    0.9907    0.9919    0.9907    0.9142  0.008984  0.006575 6.613e-05
