     0/149     12.8G    0.1175    0.1712         0    0.2887       606      1024    0.1213    0.1825   0.05444  0.009748    0.1041    0.1687         0
     1/149     13.3G   0.09151    0.1619         0    0.2535       509      1024    0.2423     0.325    0.1865   0.03598   0.08054    0.1752         0
     2/149     13.3G   0.07757    0.1722         0    0.2497       548      1024     0.442    0.4165    0.3653   0.08842   0.06988    0.1791         0
     3/149     13.3G   0.07316     0.181         0    0.2541       727      1024    0.4228    0.4748    0.3933    0.1046   0.06623    0.1799         0
     4/149     13.3G   0.07177    0.1791         0    0.2509       558      1024    0.4407    0.4552    0.4031    0.1106   0.06601    0.1906         0
     5/149     13.3G   0.06932    0.1791         0    0.2484       694      1024    0.5447    0.4644    0.4603    0.1346   0.06392     0.183         0
     6/149     13.3G   0.06858    0.1762         0    0.2448       898      1024    0.3431     0.325    0.2514   0.05747   0.07273    0.1943         0
     7/149     13.3G   0.06597    0.1747         0    0.2407       806      1024    0.4859    0.4716     0.422     0.115    0.0651    0.1824         0
     8/149     13.3G   0.06432    0.1719         0    0.2362       497      1024    0.5021    0.4519    0.4261    0.1321   0.06318    0.1855         0
     9/149     13.3G   0.06333    0.1782         0    0.2415       465      1024    0.5223    0.4362    0.4214    0.1305   0.06493     0.187         0
    10/149     13.3G   0.06288    0.1746         0    0.2375       545      1024    0.4793    0.4245    0.3949    0.1133   0.06713    0.1831         0
    11/149     13.3G   0.07159    0.1798         0    0.2514       706      1024    0.4146    0.4545    0.3923   0.08423   0.06493    0.1874         0
    12/149     13.3G   0.06822    0.1741         0    0.2424       498      1024    0.4364    0.3682    0.3271   0.07828   0.06818    0.1757         0
    13/149     13.3G   0.06545    0.1686         0     0.234       688      1024    0.4755    0.3414    0.3363   0.07397   0.06957    0.1906         0
    14/149     13.3G   0.06238     0.175         0    0.2373       629      1024    0.5839    0.5298    0.5178    0.1622   0.06335    0.1765         0
    15/149     13.3G   0.06201    0.1722         0    0.2342       915      1024    0.3453    0.2309    0.2098   0.05384   0.07226    0.2665         0
    16/149     13.3G   0.06142    0.1707         0    0.2322       675      1024    0.5355    0.5232    0.5132     0.152    0.0637    0.1802         0
    17/149     13.3G   0.06028    0.1711         0    0.2314       844      1024    0.5262    0.5088    0.4773     0.139   0.06519     0.176         0
    18/149     13.3G   0.05946    0.1726         0    0.2321       549      1024    0.5319    0.4827    0.4616    0.1682   0.06272     0.183         0
    19/149     13.3G   0.05907    0.1756         0    0.2346       773      1024    0.6142    0.4801    0.5086    0.1642   0.06058    0.1795         0
    20/149     13.3G   0.05769    0.1702         0    0.2279       713      1024     0.602    0.4669    0.4811    0.1609   0.05996    0.1933         0
    21/149     13.3G   0.05826     0.177         0    0.2353       647      1024    0.5282    0.5056    0.4893    0.1532   0.06335    0.1818         0
    22/149     13.3G   0.05829    0.1625         0    0.2208       616      1024    0.6034    0.4955    0.5163    0.1671   0.06068    0.1784         0
    23/149     13.3G   0.05606    0.1722         0    0.2283       786      1024    0.5483    0.4977    0.4797    0.1552   0.06028    0.1862         0
    24/149     13.3G    0.0562     0.164         0    0.2202       553      1024    0.6138     0.501    0.5225    0.1774   0.05882    0.1843         0
    25/149     13.3G   0.05504    0.1689         0     0.224       452      1024     0.478    0.4879    0.4328    0.1406   0.06504    0.1936         0
    26/149     13.3G   0.05445    0.1706         0    0.2251       644      1024    0.5461    0.4709    0.4566      0.15    0.0605    0.2002         0
    27/149     13.3G   0.05353    0.1653         0    0.2189       769      1024    0.3972    0.3976    0.3202   0.08886   0.06783    0.2153         0
    28/149     13.3G    0.0534    0.1611         0    0.2145       431      1024    0.1465    0.1733    0.0701   0.01605   0.08654    0.3366         0
    29/149     13.3G   0.05213    0.1656         0    0.2178       765      1024    0.5685    0.5239    0.5019     0.164   0.06106      0.18         0
    30/149     13.3G   0.05026    0.1637         0    0.2139       713      1024    0.5379    0.4604    0.4468    0.1426   0.06192    0.2067         0
    31/149     13.3G      0.05    0.1551         0    0.2051       426      1024    0.3938    0.3336    0.2785   0.06965   0.07295    0.2074         0
    32/149     13.3G   0.04898    0.1523         0    0.2013       616      1024    0.5498    0.5455     0.511    0.1525   0.06213    0.1918         0
    33/149     13.3G   0.04885    0.1536         0    0.2025       703      1024    0.5883    0.6161    0.5666    0.2047    0.0559    0.1814         0
    34/149     13.3G   0.04733    0.1475         0    0.1949       689      1024    0.5199    0.4689     0.429     0.146   0.06228    0.2115         0
    35/149     13.3G   0.04686      0.15         0    0.1968       575      1024    0.5463    0.4997    0.4891    0.1591   0.06093    0.1941         0
    36/149     13.3G   0.04575     0.148         0    0.1937       648      1024    0.5788    0.5275     0.504    0.1667   0.06254    0.1858         0
    37/149     13.3G   0.04558    0.1445         0    0.1901       573      1024    0.4464    0.4127    0.3623   0.09916   0.06767    0.2196         0
    38/149     13.3G   0.04469    0.1439         0    0.1886       654      1024    0.5944    0.5337     0.523    0.1811   0.05911    0.1926         0
    39/149     13.3G   0.04423    0.1503         0    0.1945       675      1024    0.5074    0.3806    0.3494     0.106    0.0689    0.2115         0
    40/149     13.3G   0.04303    0.1412         0    0.1842       835      1024    0.5771    0.5363    0.5137    0.1853   0.05901    0.1938         0
    41/149     13.3G   0.04244     0.139         0    0.1814       472      1024    0.5298    0.5356     0.481    0.1627   0.06154    0.1922         0
    42/149     13.3G   0.04169    0.1399         0    0.1816       692      1024    0.5426    0.4454     0.435    0.1421   0.06351      0.21         0
    43/149     13.3G   0.04168    0.1373         0     0.179       521      1024    0.6154    0.5167    0.5287    0.1862   0.05925    0.2034         0
    44/149     13.3G   0.04128    0.1351         0    0.1764       763      1024    0.5739    0.5092    0.4822    0.1636    0.0616    0.1923         0
    45/149     13.3G   0.04089    0.1384         0    0.1793       803      1024    0.6296    0.5199    0.5271    0.1927   0.05798    0.1979         0
    46/149     13.3G   0.03949    0.1282         0    0.1677       690      1024    0.5178    0.5239    0.4741     0.153   0.06214     0.207         0
    47/149     13.3G   0.03945    0.1325         0    0.1719       697      1024     0.524    0.4787    0.4551    0.1605   0.06248    0.2095         0
    48/149     13.3G   0.03895     0.131         0      0.17       687      1024     0.567    0.5173    0.5088    0.1826   0.05976    0.2104         0
    49/149     13.3G   0.03863    0.1299         0    0.1686       642      1024     0.566    0.5075     0.477    0.1678   0.06035    0.2074         0
    50/149     13.3G   0.03913    0.1315         0    0.1706       752      1024    0.5777    0.5016    0.4923     0.176   0.06005    0.2069         0
    51/149     13.3G   0.03799    0.1285         0    0.1665       795      1024    0.5574    0.4912    0.4743    0.1632   0.06137    0.2109         0
    52/149     13.3G   0.03724    0.1276         0    0.1648       545      1024    0.5979    0.4609    0.4744    0.1611   0.06149    0.2182         0
    53/149     13.3G   0.03752    0.1298         0    0.1674       640      1024    0.5639    0.5395    0.5135    0.1851   0.05964    0.2047         0
    54/149     13.3G   0.03692    0.1264         0    0.1633       585      1024    0.6096    0.5121    0.4935    0.1691   0.06036     0.207         0
    55/149     13.3G   0.03531    0.1241         0    0.1594       626      1024    0.5498    0.5631    0.5057    0.1783    0.0586    0.2146         0
    56/149     13.3G    0.0358    0.1214         0    0.1572       557      1024     0.607    0.4709    0.4757    0.1599   0.06248    0.2172         0
    57/149     13.3G   0.03507    0.1251         0    0.1602       581      1024    0.5793    0.4787    0.4567    0.1595   0.06231    0.2219         0
    58/149     13.3G   0.03524    0.1202         0    0.1555       756      1024    0.5797    0.5657    0.5341    0.1958   0.05923    0.2024         0
    59/149     13.3G   0.03493    0.1214         0    0.1563       642      1024     0.612     0.518    0.5131    0.1863   0.05858    0.2153         0
    60/149     13.3G   0.03395    0.1187         0    0.1527       648      1024    0.5627    0.4637    0.4364    0.1463   0.06354    0.2283         0
    61/149     13.3G   0.03362    0.1172         0    0.1508       520      1024    0.5822    0.5128    0.4698    0.1632   0.06202    0.2143         0
    62/149     13.3G   0.03387    0.1167         0    0.1506       781      1024    0.6122    0.5402    0.5288    0.1885   0.05831    0.2121         0
    63/149     13.3G   0.03365    0.1194         0     0.153       524      1024    0.5657    0.4891    0.4597    0.1554   0.06167    0.2263         0
    64/149     13.3G   0.03357    0.1138         0    0.1474       816      1024    0.5905    0.4938    0.4578    0.1671   0.06014    0.2221         0
    65/149     13.3G   0.03326    0.1139         0    0.1472       562      1024    0.5756      0.51    0.4811    0.1707   0.06019    0.2252         0
    66/149     13.3G   0.03134    0.1103         0    0.1417       593      1024    0.5696    0.4865    0.4522    0.1477   0.06369    0.2343         0
    67/149     13.3G   0.03291    0.1142         0    0.1471       689      1024    0.5866    0.5121    0.4742    0.1639   0.06065    0.2293         0
    68/149     13.3G   0.03254    0.1156         0    0.1482       558      1024    0.6053    0.5258    0.5064     0.186   0.05904    0.2176         0
    69/149     13.3G   0.03244    0.1089         0    0.1413       598      1024    0.6193    0.4598    0.4503    0.1532    0.0635    0.2385         0
    70/149     13.3G   0.03049    0.1077         0    0.1382       712      1024    0.5852    0.5265    0.5022    0.1833   0.06059    0.2202         0
    71/149     13.3G   0.03102    0.1097         0    0.1408       762      1024    0.5681    0.5572    0.5012     0.174   0.06045    0.2245         0
    72/149     13.3G   0.02995    0.1097         0    0.1397       674      1024    0.6144    0.5101    0.5053    0.1758   0.06024    0.2319         0
    73/149     13.3G   0.03024    0.1045         0    0.1348       720      1024     0.607    0.4909    0.4769    0.1645   0.06068    0.2455         0
    74/149     13.3G   0.03014    0.1024         0    0.1325       601      1024    0.5825    0.4683    0.4471     0.154   0.06358    0.2425         0
    75/149     13.3G   0.03012    0.1085         0    0.1386       761      1024    0.5934    0.4519    0.4566     0.159   0.06307    0.2431         0
    76/149     13.3G      0.03    0.1098         0    0.1398       780      1024     0.614    0.5245     0.503     0.182   0.05988    0.2246         0
    77/149     13.3G   0.02957    0.1092         0    0.1388       471      1024    0.5467    0.4622     0.428    0.1392   0.06571    0.2536         0
    78/149     13.3G   0.02959    0.1085         0    0.1381       594      1024    0.5451    0.5362    0.4763    0.1669   0.06161    0.2394         0
    79/149     13.3G   0.02916     0.106         0    0.1352       535      1024    0.5991    0.5337     0.512    0.1796   0.06088    0.2284         0
    80/149     13.3G   0.02819    0.1002         0    0.1284       432      1024    0.6138    0.4709    0.4573    0.1583   0.06288     0.241         0
    81/149     13.3G   0.02917     0.103         0    0.1322       433      1024    0.5535     0.516    0.4651    0.1647   0.06208    0.2429         0
    82/149     13.3G     0.028    0.1017         0    0.1297       685      1024    0.5722     0.518    0.4719    0.1623   0.06205    0.2374         0
    83/149     13.3G    0.0275   0.09711         0    0.1246       563      1024    0.5927     0.463    0.4384    0.1525   0.06407    0.2581         0
    84/149     13.3G   0.02759    0.1023         0    0.1299       648      1024    0.6108    0.4702    0.4631    0.1663   0.06224    0.2615         0
    85/149     13.3G   0.02702   0.09305         0    0.1201       482      1024    0.5947    0.4761    0.4389    0.1477   0.06328    0.2469         0
    86/149     13.3G   0.02721    0.1014         0    0.1286       650      1024     0.599    0.4308    0.4186    0.1402   0.06454    0.2555         0
    87/149     13.3G   0.02677   0.09854         0    0.1253      1036      1024    0.5811    0.5036    0.4514    0.1516   0.06258    0.2466         0
    88/149     13.3G   0.02719   0.09771         0    0.1249       693      1024    0.6082    0.4814    0.4738    0.1623   0.06248    0.2432         0
    89/149     13.3G   0.02683   0.09929         0    0.1261       696      1024    0.6122    0.4742    0.4516    0.1527   0.06362    0.2483         0
    90/149     13.3G   0.02683   0.09873         0    0.1256       550      1024    0.5747    0.4748    0.4536    0.1595   0.06278    0.2525         0
    91/149     13.3G   0.02605   0.09703         0    0.1231       460      1024    0.5709    0.4682    0.4288    0.1483    0.0644    0.2612         0
    92/149     13.3G    0.0256   0.09412         0    0.1197       594      1024    0.5597    0.4552    0.4214     0.141   0.06427    0.2607         0
    93/149     13.3G   0.02571   0.09425         0      0.12       560      1024    0.5762    0.4872    0.4574    0.1582   0.06298    0.2623         0
    94/149     13.3G   0.02591   0.09425         0    0.1202       479      1024    0.6103    0.4951    0.4682    0.1591   0.06259    0.2489         0
    95/149     13.3G   0.02546   0.09094         0    0.1164       557      1024    0.6323    0.4734    0.4597    0.1599   0.06253    0.2596         0
    96/149     13.3G   0.02515   0.09129         0    0.1164       615      1024    0.6196     0.465    0.4475    0.1552   0.06297    0.2655         0
    97/149     13.3G   0.02512   0.08927         0    0.1144       694      1024    0.6001    0.4689    0.4472    0.1508   0.06352    0.2675         0
    98/149     13.3G   0.02418   0.08845         0    0.1126       614      1024    0.6363    0.4591     0.467    0.1571   0.06314    0.2582         0
    99/149     13.3G   0.02443    0.0883         0    0.1127       590      1024    0.5712    0.4892    0.4321    0.1418   0.06391    0.2763         0
   100/149     13.3G   0.02399   0.09136         0    0.1153       687      1024    0.5879    0.5047    0.4582    0.1549   0.06277    0.2657         0
   101/149     13.3G   0.02484   0.09283         0    0.1177       702      1024    0.5834    0.4755    0.4312    0.1447   0.06371    0.2615         0
   102/149     13.3G   0.02396   0.09015         0    0.1141       479      1024    0.5715    0.4617    0.4203    0.1439   0.06524    0.2706         0
   103/149     13.3G   0.02366   0.08801         0    0.1117       676      1024    0.6409    0.4624    0.4348     0.148    0.0632    0.2693         0
   104/149     13.3G   0.02354   0.08731         0    0.1109       575      1024    0.5888    0.4944    0.4494    0.1581   0.06305    0.2642         0
   105/149     13.3G   0.02353   0.08837         0    0.1119       571      1024    0.5815    0.5099    0.4636    0.1578   0.06314    0.2735         0
   106/149     13.3G   0.02379    0.0869         0    0.1107       483      1024    0.5751     0.463    0.4164    0.1379   0.06503    0.2797         0
   107/149     13.3G   0.02363   0.08831         0    0.1119       680      1024    0.5958    0.4611    0.4311    0.1446   0.06518     0.266         0
   108/149     13.3G   0.02287   0.08662         0    0.1095       535      1024    0.6002    0.4591    0.4374    0.1458   0.06489    0.2838         0
   109/149     13.3G   0.02303    0.0881         0    0.1111       552      1024     0.536    0.5154    0.4478    0.1543   0.06444    0.2691         0
   110/149     13.3G   0.02266   0.08471         0    0.1074       763      1024    0.5698    0.4591    0.4098     0.142   0.06494    0.2881         0
   111/149     13.3G   0.02257   0.08759         0    0.1102       732      1024    0.5703    0.4904    0.4449    0.1463   0.06519    0.2743         0
   112/149     13.3G   0.02259   0.08685         0    0.1094       602      1024     0.576    0.4683    0.4191    0.1443   0.06495    0.2779         0
   113/149     13.3G   0.02262    0.0864         0     0.109       662      1024    0.5944    0.4572      0.43    0.1495   0.06422    0.2913         0
   114/149     13.3G   0.02246   0.08698         0    0.1094       740      1024    0.6282    0.4964    0.4647     0.166   0.06221    0.2683         0
   115/149     13.3G   0.02225   0.08299         0    0.1052       526      1024     0.579    0.4833    0.4379      0.15   0.06459    0.2765         0
   116/149     13.3G   0.02244   0.08401         0    0.1064       567      1024    0.6094    0.4714    0.4321     0.148   0.06477    0.2894         0
   117/149     13.3G    0.0215   0.08096         0    0.1025       593      1024    0.5833    0.4624    0.4281     0.144   0.06559    0.2841         0
   118/149     13.3G   0.02183   0.08264         0    0.1045       837      1024    0.6163    0.4866    0.4648    0.1585   0.06315    0.2676         0
   119/149     13.3G   0.02182   0.08451         0    0.1063       551      1024    0.5724    0.4755    0.4331    0.1446   0.06418    0.2851         0
   120/149     13.3G   0.02158     0.084         0    0.1056       867      1024    0.6152    0.4833    0.4589    0.1642   0.06265    0.2714         0
   121/149     13.3G   0.02127   0.08341         0    0.1047       528      1024    0.5746    0.4859    0.4386      0.15   0.06421    0.2875         0
   122/149     13.3G   0.02134   0.08119         0    0.1025       507      1024    0.6144    0.4369    0.4171    0.1423   0.06561    0.2932         0
   123/149     13.3G     0.021   0.08028         0    0.1013       605      1024     0.658    0.4531    0.4504    0.1592    0.0638     0.286         0
   124/149     13.3G   0.02077   0.08082         0    0.1016       742      1024    0.5865    0.4866     0.435      0.15   0.06396    0.2851         0
   125/149     13.3G   0.02107   0.08292         0     0.104       778      1024    0.5815    0.4709    0.4277    0.1481   0.06408    0.2895         0
   126/149     13.3G   0.02071   0.08056         0    0.1013       695      1024    0.5926    0.4918    0.4513    0.1584   0.06354    0.2852         0
   127/149     13.3G   0.02074   0.07886         0    0.0996       555      1024    0.5777    0.5055    0.4397    0.1546   0.06292    0.2827         0
   128/149     13.3G   0.02042   0.08074         0    0.1012       734      1024    0.5708    0.4742    0.4149    0.1388   0.06545    0.2987         0
   129/149     13.3G   0.02058    0.0801         0    0.1007       573      1024    0.6034    0.4617    0.4309     0.147   0.06465    0.2923         0
   130/149     13.3G   0.02031   0.07551         0   0.09582       809      1024    0.5892    0.4446    0.4107    0.1428    0.0654    0.2937         0
   131/149     13.3G   0.02024   0.07848         0   0.09872       597      1024    0.6247    0.4519    0.4342    0.1507   0.06466    0.2973         0
   132/149     13.3G   0.01999    0.0785         0   0.09849       643      1024    0.6566     0.463    0.4536    0.1577   0.06402    0.2889         0
   133/149     13.3G   0.01998   0.07993         0   0.09991       695      1024    0.5708    0.4716     0.422    0.1469   0.06469    0.2899         0
   134/149     13.3G   0.01988   0.07537         0   0.09526       469      1024    0.5642     0.482    0.4324     0.152   0.06473    0.2925         0
   135/149     13.3G   0.02007   0.07895         0   0.09902       843      1024    0.5761    0.4565    0.4173    0.1467   0.06516     0.305         0
   136/149     13.3G   0.01976   0.07689         0   0.09665       812      1024    0.5927    0.4807    0.4317    0.1498   0.06497    0.2899         0
   137/149     13.3G   0.01965   0.07605         0    0.0957       503      1024     0.587    0.4781    0.4351     0.156   0.06444    0.2849         0
   138/149     13.3G   0.01962   0.08007         0   0.09969       704      1024    0.5484    0.4845    0.4096    0.1453   0.06579    0.3063         0
   139/149     13.3G   0.01967   0.07697         0   0.09664       603      1024    0.5791    0.4846    0.4341    0.1543   0.06439    0.2958         0
   140/149     13.3G   0.01961   0.07585         0   0.09546       595      1024    0.6136    0.4414    0.4165     0.145   0.06543    0.2961         0
   141/149     13.3G   0.01985   0.07888         0   0.09872       670      1024    0.5769    0.4539    0.3954    0.1345   0.06597    0.3133         0
   142/149     13.3G    0.0196   0.07678         0   0.09637       613      1024    0.5717    0.4767     0.427    0.1508   0.06485    0.2982         0
   143/149     13.3G   0.01958   0.07608         0   0.09567       746      1024    0.5769    0.4742    0.4247    0.1486   0.06491    0.2939         0
   144/149     13.3G   0.01938   0.07524         0   0.09462       535      1024    0.5785    0.4892    0.4338    0.1498   0.06489    0.2947         0
   145/149     13.3G   0.01943   0.07579         0   0.09522       664      1024    0.6149    0.4565    0.4217    0.1471   0.06477    0.2986         0
   146/149     13.3G    0.0193   0.07494         0   0.09424       639      1024    0.5882    0.4879     0.433    0.1526   0.06402    0.2941         0
   147/149     13.3G   0.01933   0.07533         0   0.09466       645      1024     0.635    0.4559     0.436    0.1487   0.06501    0.2946         0
   148/149     13.3G   0.01927   0.07664         0   0.09592       664      1024    0.5963    0.4859    0.4381    0.1499   0.06481    0.2992         0
   149/149     13.3G   0.01918   0.07521         0   0.09439       434      1024    0.5924    0.5043    0.4447    0.1526   0.06449    0.2962         0
